000
001
011
000
010
000
010
000
000
000
000
000
000
000
010
000
000
010
000
000
000
000
010
000
010
000
000
000
000
000
010
000
010
010
000
000
000
000
000
010
000
000
100
100
100
100
000
000
010
100
100
100
000
010
000
000
000
000
000
010
000
000
100
100
100
100
000
010
100
100
100
100
010
000
010
000
000
000
000
010
000
010
100
100
100
100
010
100
100
100
100
100
010
010
000
000
000
000
000
000
000
000
010
100
100
100
100
100
100
100
100
100
000
000
010
000
000
000
000
000
000
010
010
100
100
100
100
100
100
100
010
010
010
000
000
000
000
010
000
000
000
000
000
100
100
100
100
100
100
010
010
000
000
000
000
000
000
000
000
000
000
000
010
100
100
100
100
100
100
000
000
010
000
000
000
000
010
000
000
000
010
000
000
100
100
100
010
010
000
000
000
000
000
010
000
000
000
000
000
010
4836
0
38